map_config:
  latitude: 35.68855194431519
  longitude: 139.69142711058254
  elevation: 34.137

start_position:
  latitude: 35.68855194431519
  longitude: 139.69142711058254
  name: "default"